USPS	GEOID	ALAND	AWATER	ALAND_SQMI	AWATER_SQMI	INTPTLAT	INTPTLONG                                                                                                                             
AL	0101	15713197908	2275675091	6066.9	878.643	31.002052	-87.787972                                                                                                                                      
AL	0102	26269902298	303582941	10142.866	117.214	31.702085	-86.076842                                                                                                                                    
AL	0103	19537640555	471223121	7543.526	181.94	33.150564	-85.700228                                                                                                                                      
AL	0104	23022590138	573214646	8889.072	221.319	34.11818	-87.213808                                                                                                                                      
AL	0105	9525492193	459955499	3677.813	177.59	34.755297	-86.711804                                                                                                                                       
AL	0106	10803396962	176793844	4171.215	68.26	33.260212	-86.71343                                                                                                                                        
AL	0107	26301828529	332882012	10155.193	128.526	32.449235	-87.640501                                                                                                                                    
AK	0200	1478839695958	245481577452	570983.223	94780.971	63.347356	-152.839733                                                                                                                           
AZ	0401	142545945366	354110880	55037.3	136.723	34.971013	-110.725925                                                                                                                                    
AZ	0402	20298527958	138375379	7837.306	53.427	31.916618	-109.938728                                                                                                                                     
AZ	0403	40632657178	8409911	15688.357	3.247	32.422318	-112.401301                                                                                                                                       
AZ	0404	85987711649	504383238	33200.042	194.743	34.590918	-113.204528                                                                                                                                   
AZ	0405	760073450	2338559	293.466	0.903	33.339694	-111.712424                                                                                                                                           
AZ	0406	1618660740	11030711	624.968	4.259	33.665663	-111.888471                                                                                                                                         
AZ	0407	530107625	1651788	204.676	0.638	33.427819	-112.118768                                                                                                                                           
AZ	0408	1398129833	4067789	539.821	1.571	33.695571	-112.299576                                                                                                                                          
AZ	0409	426737344	2969348	164.764	1.146	33.406007	-111.949996                                                                                                                                           
AR	0501	50035558911	1234692466	19318.838	476.717	35.293909	-91.258306                                                                                                                                   
AR	0502	12895640577	302544768	4979.035	116.813	35.09956	-92.379157                                                                                                                                      
AR	0503	13982564687	375776742	5398.699	145.088	36.500504	-94.617768                                                                                                                                     
AR	0504	57855108552	1049845616	22337.983	405.348	34.2242	-93.221113                                                                                                                                     
CA	0601	72746795133	1948066307	28087.696	752.153	40.731988	-121.510516                                                                                                                                  
CA	0602	33546725691	4122024588	12952.464	1591.523	40.094059	-123.464974                                                                                                                                 
CA	0603	16017117073	456161284	6184.244	176.125	39.031952	-122.089573                                                                                                                                    
CA	0604	33247135324	858297386	12836.791	331.39	37.982452	-119.927973                                                                                                                                    
CA	0605	4482417000	319288355	1730.671	123.278	38.515718	-122.462466                                                                                                                                     
CA	0606	453544934	10601204	175.115	4.093	38.594033	-121.479768                                                                                                                                          
CA	0607	1421720505	13173746	548.929	5.086	38.479477	-121.215371                                                                                                                                         
CA	0608	85132866565	444227838	32869.985	171.517	35.662557	-116.819546                                                                                                                                   
CA	0609	3239709844	140669213	1250.859	54.313	38.010406	-121.306562                                                                                                                                      
CA	0610	4714787480	54084843	1820.39	20.882	37.586323	-121.054426                                                                                                                                        
CA	0611	1268371789	101766052	489.721	39.292	37.903869	-122.000933                                                                                                                                       
CA	0612	100885569	211661576	38.952	81.723	37.785514	-122.434                                                                                                                                            
CA	0613	250697049	127168051	96.795	49.1	37.778962	-122.239248                                                                                                                                           
CA	0614	672683232	827165077	259.724	319.37	37.574802	-122.493656                                                                                                                                        
CA	0615	1549131567	73625793	598.123	28.427	37.657148	-121.836245                                                                                                                                        
CA	0616	7354826326	118249352	2839.714	45.656	37.108653	-120.518867                                                                                                                                      
CA	0617	480149991	21997291	185.387	8.493	37.441028	-121.966578                                                                                                                                          
CA	0618	1802693482	330001708	696.024	127.414	37.202203	-122.153806                                                                                                                                      
CA	0619	2372190624	15265440	915.908	5.894	37.216236	-121.529023                                                                                                                                         
CA	0620	12626814295	1572235024	4875.24	607.043	36.373286	-121.275218                                                                                                                                    
CA	0621	17432430270	33795770	6730.699	13.049	36.086714	-119.8515                                                                                                                                        
CA	0622	3017359454	10371897	1165.009	4.005	36.476878	-119.389542                                                                                                                                        
CA	0623	25636803430	99793011	9898.426	38.53	35.610684	-118.539057                                                                                                                                       
CA	0624	17832192315	3684367981	6885.048	1422.542	34.919633	-120.112845                                                                                                                                  
CA	0625	4378863906	30779288	1690.689	11.884	34.588062	-118.280264                                                                                                                                       
CA	0626	2431551480	807884720	938.827	311.926	34.167023	-119.129955                                                                                                                                      
CA	0627	1812584403	7549848	699.843	2.915	34.265083	-117.934887                                                                                                                                          
CA	0628	565796768	2403435	218.455	0.928	34.250058	-118.291452                                                                                                                                           
CA	0629	238354217	1621914	92.029	0.626	34.266695	-118.430313                                                                                                                                            
CA	0630	352104835	5012026	135.948	1.935	34.201873	-118.546956                                                                                                                                           
CA	0631	566112003	5694100	218.577	2.199	34.109675	-117.353329                                                                                                                                           
CA	0632	321864855	5293443	124.273	2.044	34.089564	-117.914142                                                                                                                                           
CA	0633	747577389	489486946	288.641	188.992	34.046539	-118.944307                                                                                                                                       
CA	0634	123456560	783650	47.667	0.303	34.074655	-118.228269                                                                                                                                             
CA	0635	437338064	356550	168.857	0.138	34.044749	-117.583463                                                                                                                                            
CA	0636	15312870769	201717828	5912.333	77.884	33.730013	-115.739337                                                                                                                                     
CA	0637	143132731	351790	55.264	0.136	34.016897	-118.371764                                                                                                                                             
CA	0638	262655737	3823181	101.412	1.476	33.939479	-118.062604                                                                                                                                           
CA	0639	531445171	1078797	205.192	0.417	33.938649	-117.825836                                                                                                                                           
CA	0640	149408223	1743216	57.687	0.673	33.969867	-118.179207                                                                                                                                            
CA	0641	820299648	4159166	316.719	1.606	33.918075	-117.29742                                                                                                                                            
CA	0642	2424595872	44261217	936.142	17.089	33.679953	-117.227523                                                                                                                                        
CA	0643	186580878	555893	72.039	0.215	33.90311	-118.336303                                                                                                                                              
CA	0644	205463239	66957266	79.33	25.852	33.81875	-118.250983                                                                                                                                            
CA	0645	856078764	5161857	330.534	1.993	33.714258	-117.668355                                                                                                                                           
CA	0646	187083544	995827	72.233	0.384	33.790804	-117.896363                                                                                                                                             
CA	0647	560123814	1176361929	216.265	454.196	33.367336	-118.480709                                                                                                                                      
CA	0648	378015317	281882221	145.953	108.835	33.62291	-117.905275                                                                                                                                        
CA	0649	1433319197	511621679	553.408	197.538	33.314786	-117.379519                                                                                                                                      
CA	0650	7222573192	40261060	2788.651	15.545	33.113548	-116.62259                                                                                                                                        
CA	0651	12410851100	869815412	4791.857	335.838	32.995575	-115.525534                                                                                                                                    
CA	0652	691689046	296660721	267.063	114.541	32.857199	-117.165327                                                                                                                                       
CA	0653	352091648	5538110	135.943	2.138	32.718314	-117.031482                                                                                                                                           
CO	0801	491646356	7076638	189.826	2.732	39.732286	-104.908758                                                                                                                                           
CO	0802	19523675148	236595196	7538.133	91.35	40.137084	-105.709084                                                                                                                                      
CO	0803	128801225235	388259104	49730.433	149.908	38.743254	-107.344849                                                                                                                                  
CO	0804	98683854464	438848484	38102.051	169.44	39.070683	-103.413853                                                                                                                                    
CO	0805	18818297446	61234902	7265.786	23.643	38.815408	-105.344151                                                                                                                                      
CO	0806	1227600079	22167724	473.979	8.559	39.755088	-104.765351                                                                                                                                         
CO	0807	876592983	27439545	338.454	10.594	39.826671	-105.040854                                                                                                                                         
CT	0901	1749309368	51291912	675.412	19.804	41.790152	-73.20118                                                                                                                                          
CT	0902	5149370200	297591677	1988.183	114.901	41.653687	-72.206509                                                                                                                                      
CT	0903	1218074496	68693984	470.301	26.523	41.385688	-72.877302                                                                                                                                         
CT	0904	1193636603	214325604	460.866	82.752	41.196801	-73.388514                                                                                                                                        
CT	0905	3232106401	88053659	1247.923	33.998	41.694323	-73.209998                                                                                                                                        
CT	09ZZ	0	1095660735	0.	423.037	41.166607	-72.842465                                                                                                                                                    
DE	1000	5045925646	1399985648	1948.243	540.538	38.998566	-75.441644                                                                                                                                     
DC	1198	158340391	18687198	61.136	7.215	38.904103	-77.017229                                                                                                                                            
FL	1201	10405816127	1919384110	4017.708	741.078	30.662801	-86.662466                                                                                                                                    
FL	1202	28500909452	4835768335	11004.263	1867.101	30.075257	-84.179287                                                                                                                                  
FL	1203	9232593580	722972427	3564.724	279.141	29.680803	-82.04786                                                                                                                                       
FL	1204	4065983756	1016868324	1569.885	392.615	30.676438	-82.05057                                                                                                                                      
FL	1205	9888522481	239830493	3817.98	92.599	30.448117	-83.324429                                                                                                                                        
FL	1206	5627035258	1318862943	2172.611	509.216	29.193038	-81.279601                                                                                                                                     
FL	1207	1017471375	110917454	392.848	42.825	28.687037	-81.244723                                                                                                                                        
FL	1208	4536447256	1710622089	1751.532	660.475	28.164649	-80.698906                                                                                                                                     
FL	1209	5987286333	798928316	2311.704	308.468	28.035342	-81.290617                                                                                                                                      
FL	1210	1130063436	206005788	436.32	79.539	28.543829	-81.512865                                                                                                                                         
FL	1211	6235891832	1243668220	2407.691	480.183	28.78694	-82.216916                                                                                                                                      
FL	1212	2223103422	545757465	858.345	210.718	28.26871	-82.491809                                                                                                                                        
FL	1213	470709134	640204070	181.742	247.184	27.825916	-82.726442                                                                                                                                        
FL	1214	714675118	233953834	275.938	90.33	28.013531	-82.486438                                                                                                                                          
FL	1215	2816452665	214478863	1087.438	82.811	28.196973	-81.980449                                                                                                                                       
FL	1216	3354277529	954285435	1295.094	368.452	27.533103	-82.358155                                                                                                                                      
FL	1217	14437145834	1918872575	5574.213	740.881	27.232739	-81.551539                                                                                                                                    
FL	1218	3913573650	979668133	1511.039	378.252	27.137537	-80.381641                                                                                                                                      
FL	1219	1937060134	1603487946	747.903	619.11	26.431625	-81.906768                                                                                                                                       
FL	1220	5592437702	639142009	2159.252	246.774	26.44613	-80.586987                                                                                                                                       
FL	1221	663696308	250336902	256.255	96.656	26.562631	-80.126245                                                                                                                                         
FL	1222	424130319	254083069	163.758	98.102	26.272108	-80.125212                                                                                                                                         
FL	1223	484534996	184761814	187.08	71.337	26.042138	-80.240928                                                                                                                                          
FL	1224	265305017	33054938	102.435	12.763	25.908466	-80.210911                                                                                                                                          
FL	1225	9071589763	452925118	3502.561	174.875	26.204284	-81.202959                                                                                                                                      
FL	1226	5659121044	7734843990	2184.999	2986.44	25.170743	-81.095269                                                                                                                                     
FL	1227	293302729	597416563	113.245	230.664	25.691263	-80.250152                                                                                                                                        
GA	1301	21047628166	2075874473	8126.535	801.5	31.317438	-81.942545                                                                                                                                      
GA	1302	24942492103	438955826	9630.35	169.482	31.816237	-84.419031                                                                                                                                      
GA	1303	9935874355	215086398	3836.263	83.045	33.150522	-84.728664                                                                                                                                       
GA	1304	1287444270	21757037	497.085	8.4	33.697638	-84.051433                                                                                                                                            
GA	1305	686276539	5016095	264.973	1.937	33.706985	-84.401119                                                                                                                                            
GA	1306	774251171	13986249	298.94	5.4	34.013052	-84.345662                                                                                                                                              
GA	1307	1017219867	25241077	392.751	9.746	34.040192	-84.082959                                                                                                                                          
GA	1308	22632647889	298759475	8738.515	115.352	31.779807	-83.451511                                                                                                                                     
GA	1309	13498994850	410740104	5211.991	158.588	34.506113	-83.68705                                                                                                                                      
GA	1310	18384949315	459100029	7098.469	177.26	33.424206	-83.062309                                                                                                                                      
GA	1311	2773103176	70586962	1070.701	27.254	34.180432	-84.651494                                                                                                                                        
GA	1312	21267218363	310156061	8211.319	119.752	32.413331	-82.223842                                                                                                                                     
GA	1313	1849961415	25795622	714.274	9.96	33.629101	-84.566453                                                                                                                                           
GA	1314	9383986863	51880746	3623.178	20.031	34.430586	-85.097876                                                                                                                                        
HI	1501	541359418	456759507	209.02	176.356	21.32264	-157.905954                                                                                                                                         
HI	1502	16092630777	11321049519	6213.4	4371.082	19.694163	-156.044344                                                                                                                                   
ID	1601	102098265032	1310417824	39420.362	505.955	45.29675	-116.035842                                                                                                                                  
ID	1602	111951522627	1081304733	43224.726	417.494	43.443926	-113.364262                                                                                                                                 
IL	1701	669256000	2067510	258.401	0.798	41.546671	-87.835747                                                                                                                                            
IL	1702	2798736458	25389182	1080.598	9.803	41.256208	-87.790115                                                                                                                                         
IL	1703	613376406	13496849	236.826	5.211	41.678977	-87.891975                                                                                                                                           
IL	1704	135804048	966145	52.434	0.373	41.886297	-87.920561                                                                                                                                              
IL	1705	247592486	1850633	95.596	0.715	41.930366	-87.830902                                                                                                                                             
IL	1706	980857787	27754091	378.711	10.716	42.067118	-88.404435                                                                                                                                          
IL	1707	161458448	5341167	62.339	2.062	41.863332	-87.732122                                                                                                                                             
IL	1708	532623690	10394846	205.647	4.013	42.009662	-88.09665                                                                                                                                            
IL	1709	272986457	1558240	105.401	0.602	42.052684	-87.810185                                                                                                                                            
IL	1710	777404163	31605644	300.157	12.203	42.280015	-87.939942                                                                                                                                          
IL	1711	725929838	16218367	280.283	6.262	41.642252	-88.147417                                                                                                                                           
IL	1712	12972082875	462200658	5008.549	178.457	37.993307	-89.427891                                                                                                                                     
IL	1713	15004637044	216308900	5793.323	83.517	39.515635	-89.519842                                                                                                                                      
IL	1714	4136763949	63294101	1597.214	24.438	42.025547	-88.445853                                                                                                                                        
IL	1715	38062630857	353131952	14696.065	136.345	38.905169	-88.442079                                                                                                                                    
IL	1716	20503968767	183129836	7916.627	70.707	41.391523	-88.799197                                                                                                                                      
IL	1717	17949060604	346793272	6930.171	133.898	41.389467	-90.218653                                                                                                                                     
IL	1718	27235396834	383133624	10515.646	147.929	40.227184	-90.069118                                                                                                                                    
IL	17ZZ	922	4070189931	0.	1571.509	41.773669	-87.56635                                                                                                                                                  
IN	1801	2996055757	625462306	1156.784	241.492	41.497034	-87.179817                                                                                                                                      
IN	1802	10253189601	131728583	3958.779	50.861	41.248724	-86.236798                                                                                                                                      
IN	1803	10826780348	135299678	4180.243	52.239	41.096795	-85.236277                                                                                                                                      
IN	1804	16450662934	70295098	6351.637	27.141	40.381088	-86.859412                                                                                                                                       
IN	1805	4985326169	40864910	1924.845	15.778	40.248632	-85.869599                                                                                                                                        
IN	1806	16075565107	106706879	6206.811	41.2	39.475219	-85.376338                                                                                                                                        
IN	1807	787296961	4586270	303.977	1.771	39.746873	-86.139006                                                                                                                                            
IN	1808	18792335677	278478325	7255.762	107.521	38.733017	-87.199347                                                                                                                                     
IN	1809	11622090122	144580780	4487.314	55.823	38.782941	-86.212293                                                                                                                                      
IA	1901	31206403219	228600914	12048.86	88.263	42.527337	-91.89628                                                                                                                                       
IA	1902	31755572729	434115836	12260.896	167.613	41.208515	-92.149188                                                                                                                                    
IA	1903	22761240612	156751435	8788.165	60.522	41.209543	-94.640381                                                                                                                                      
IA	1904	58938051417	264712627	22756.11	102.206	42.628638	-94.645098                                                                                                                                     
KS	2001	136084023517	594345222	52542.337	229.478	38.731595	-99.408037                                                                                                                                   
KS	2002	36633404506	527754544	14144.237	203.767	38.482278	-95.42464                                                                                                                                     
KS	2003	1961857340	32787799	757.477	12.659	38.895004	-94.790643                                                                                                                                         
KS	2004	37076058697	189253640	14315.147	73.071	37.554465	-97.743983                                                                                                                                     
KY	2101	31296234250	1221417588	12083.544	471.592	37.084603	-87.184938                                                                                                                                   
KY	2102	18601779924	388832054	7182.188	150.129	37.544621	-85.99049                                                                                                                                      
KY	2103	827821298	40946491	319.624	15.81	38.189401	-85.697457                                                                                                                                           
KY	2104	11327918358	296600515	4373.734	114.518	38.568973	-84.437006                                                                                                                                     
KY	2105	29096016239	312392707	11234.035	120.616	37.368828	-83.521898                                                                                                                                    
KY	2106	11129720603	115148400	4297.209	44.459	38.053447	-84.154778                                                                                                                                      
LA	2201	10436304503	14398936017	4029.48	5559.461	29.636492	-89.905361                                                                                                                                   
LA	2202	3285174126	522407749	1268.413	201.703	30.046744	-90.568499                                                                                                                                      
LA	2203	18087979520	5594833099	6983.808	2160.177	29.927022	-92.436419                                                                                                                                   
LA	2204	32210761600	1106343072	12436.645	427.161	31.792047	-93.179606                                                                                                                                   
LA	2205	37429870551	1118524221	14451.754	431.865	31.766446	-91.823524                                                                                                                                   
LA	2206	10447504074	1012577737	4033.804	390.958	30.295781	-91.008526                                                                                                                                    
ME	2301	8512096974	4733548431	3286.539	1827.633	43.846054	-69.91525                                                                                                                                     
ME	2302	71375329063	7013001333	27558.17	2707.735	45.510001	-69.08531                                                                                                                                    
MD	2401	10301014704	4035802868	3977.244	1558.232	38.768471	-75.958886                                                                                                                                   
MD	2402	902965456	440369386	348.637	170.028	39.339519	-76.428702                                                                                                                                        
MD	2403	788544340	252344417	304.459	97.431	39.157151	-76.676692                                                                                                                                         
MD	2404	771403497	48178407	297.841	18.602	38.756093	-77.026024                                                                                                                                          
MD	2405	3840096355	2066469028	1482.67	797.868	38.471817	-76.712036                                                                                                                                      
MD	2406	5056294339	98039271	1952.246	37.853	39.288127	-79.482031                                                                                                                                        
MD	2407	1264524922	14715020	488.236	5.682	39.340766	-77.185884                                                                                                                                          
MD	2408	2226256667	24048561	859.563	9.285	39.422295	-77.242003                                                                                                                                          
MA	2501	6086782031	129713573	2350.12	50.083	42.331044	-72.864178                                                                                                                                        
MA	2502	4216400306	221866012	1627.961	85.663	42.385042	-72.118691                                                                                                                                       
MA	2503	1962308222	76095039	757.651	29.38	42.589515	-71.572828                                                                                                                                          
MA	2504	1730813070	86329577	668.271	33.332	41.997215	-71.227536                                                                                                                                         
MA	2505	686653254	58468410	265.118	22.575	42.355366	-71.29844                                                                                                                                           
MA	2506	1364422330	864189658	526.806	333.666	42.617112	-70.885391                                                                                                                                       
MA	2507	162433345	97438634	62.716	37.621	42.316688	-71.009442                                                                                                                                           
MA	2508	845455823	447359599	326.432	172.727	42.194734	-70.944005                                                                                                                                        
MA	2509	3149856983	5148464984	1216.167	1987.834	41.69036	-70.494314                                                                                                                                     
MI	2601	64824717641	75782056342	25028.964	29259.617	46.157305	-86.436912                                                                                                                                
MI	2602	8644760241	7325050525	3337.761	2828.218	43.397541	-86.318863                                                                                                                                    
MI	2603	6811523115	176750939	2629.944	68.244	42.720027	-85.237276                                                                                                                                       
MI	2604	21907203534	520053991	8458.419	200.794	43.731553	-84.750399                                                                                                                                     
MI	2605	6083376419	4835570030	2348.805	1867.024	43.574446	-84.162876                                                                                                                                    
MI	2606	9188279377	4065852264	3547.615	1569.834	42.164052	-86.156052                                                                                                                                    
MI	2607	10950537365	526028591	4228.026	203.101	42.093608	-84.304955                                                                                                                                     
MI	2608	3893134359	99556198	1503.148	38.439	42.647773	-83.945354                                                                                                                                        
MI	2609	475771461	13240065	183.696	5.112	42.52966	-83.054722                                                                                                                                            
MI	2610	10732439902	5435442796	4143.818	2098.636	43.455904	-82.882407                                                                                                                                   
MI	2611	1085687168	55726229	419.186	21.516	42.530002	-83.453996                                                                                                                                         
MI	2612	1044264730	71968024	403.193	27.787	42.205381	-83.447043                                                                                                                                         
MI	2613	478918323	5374636	184.911	2.075	42.351375	-83.430053                                                                                                                                            
MI	2614	480339355	97940449	185.46	37.815	42.561252	-83.438725                                                                                                                                           
MI	26ZZ	0	4875244623	0.	1882.343	42.498499	-82.871962                                                                                                                                                   
MN	2701	31013342671	540782812	11974.319	208.797	43.898939	-93.711742                                                                                                                                    
MN	2702	6314464923	243358361	2438.029	93.961	44.478968	-92.853042                                                                                                                                       
MN	2703	1365425974	144398952	527.194	55.753	44.99588	-93.52862                                                                                                                                          
MN	2704	861318818	84495478	332.557	32.624	45.002713	-92.977366                                                                                                                                          
MN	2705	351540886	16573581	135.731	6.399	44.980962	-93.294145                                                                                                                                           
MN	2706	7460634590	408723230	2880.567	157.809	45.336807	-93.852055                                                                                                                                      
MN	2707	86580712408	5058381039	33429.001	1953.052	46.55302	-95.675905                                                                                                                                   
MN	2708	72281499178	12448503736	27908.044	4806.394	47.250337	-92.96387                                                                                                                                  
MS	2801	27384113095	408680692	10573.066	157.793	34.197518	-89.003512                                                                                                                                    
MS	2802	40281155435	958174343	15552.642	369.953	33.178215	-90.351401                                                                                                                                    
MS	2803	33034077391	341749292	12754.529	131.95	32.01493	-89.740589                                                                                                                                      
MS	2804	20834173560	2218315431	8044.12	856.496	30.994186	-89.090334                                                                                                                                     
MO	2901	582542737	28225242	224.921	10.898	38.728386	-90.296228                                                                                                                                          
MO	2902	1206284592	37571451	465.749	14.506	38.60297	-90.532337                                                                                                                                          
MO	2903	17745526082	368043248	6851.586	142.102	38.578171	-91.563185                                                                                                                                     
MO	2904	37312032695	744247785	14406.257	287.356	38.282425	-93.318995                                                                                                                                    
MO	2905	6281461429	89873789	2425.286	34.7	39.141446	-93.783936                                                                                                                                          
MO	2906	47132969024	528128323	18198.142	203.911	39.948014	-93.293542                                                                                                                                    
MO	2907	16246587078	248542030	6272.843	95.963	36.991061	-93.706352                                                                                                                                      
MO	2908	51543398547	444793592	19901.018	171.736	37.194128	-90.934515                                                                                                                                    
MT	3000	376962738765	3869208832	145546.133	1493.91	47.051177	-109.634817                                                                                                                                
NE	3101	22995959831	249898247	8878.79	96.486	41.374459	-96.828662                                                                                                                                       
NE	3102	1312946783	50712484	506.932	19.58	41.228622	-96.160905                                                                                                                                          
NE	3103	174647751781	1071218403	67431.877	413.6	41.539473	-100.222969                                                                                                                                   
NV	3201	270624142	16683	104.489	0.006	36.133543	-115.151542                                                                                                                                             
NV	3202	144597477514	1315874075	55829.401	508.062	40.651151	-117.329684                                                                                                                                 
NV	3203	7378700260	102791046	2848.932	39.688	35.663194	-115.153967                                                                                                                                      
NV	3204	132082704554	628524268	50997.42	242.675	38.085647	-116.026496                                                                                                                                   
NH	3301	6384522070	625111184	2465.078	241.357	43.46473	-71.200177                                                                                                                                       
NH	3302	16804891096	401564064	6488.405	155.045	43.764178	-71.721399                                                                                                                                     
NJ	3401	907100845	51162830	350.234	19.754	39.791975	-75.055921                                                                                                                                          
NJ	3402	5423847467	2034703850	2094.159	785.604	39.3933	-74.907257                                                                                                                                       
NJ	3403	2326832991	618205570	898.395	238.691	39.898974	-74.476343                                                                                                                                       
NJ	3404	1789674324	49701555	690.997	19.19	40.165002	-74.316997                                                                                                                                          
NJ	3405	2568439490	83673745	991.68	32.307	40.973821	-75.134211                                                                                                                                          
NJ	3406	557571516	503799396	215.28	194.518	40.346567	-74.215084                                                                                                                                         
NJ	3407	2512156343	47085986	969.949	18.18	40.631748	-74.789504                                                                                                                                          
NJ	3408	141495250	38082761	54.632	14.704	40.723927	-74.106496                                                                                                                                           
NJ	3409	246870811	19480622	95.317	7.522	40.860782	-74.073824                                                                                                                                            
NJ	3410	196397289	12474852	75.829	4.817	40.708964	-74.209045                                                                                                                                            
NJ	3411	1310058632	67984687	505.816	26.249	40.902019	-74.450539                                                                                                                                         
NJ	3412	1067381022	18504392	412.118	7.145	40.374219	-74.574055                                                                                                                                          
NM	3501	11916434922	16504856	4600.961	6.373	34.771735	-106.051402                                                                                                                                       
NM	3502	185821089696	408588014	71745.927	157.757	33.385261	-106.299442                                                                                                                                  
NM	3503	116458781783	303683653	44964.989	117.253	36.009852	-105.831857                                                                                                                                  
NY	3601	1684100500	3359339217	650.235	1297.048	40.983872	-72.549515                                                                                                                                     
NY	3602	470068839	375364727	181.495	144.929	40.685327	-73.288442                                                                                                                                        
NY	3603	660259920	301922153	254.928	116.573	40.860496	-73.505379                                                                                                                                        
NY	3604	286752056	168713321	110.716	65.141	40.636948	-73.60591                                                                                                                                          
NY	3605	134550083	184506173	51.95	71.238	40.596562	-73.827212                                                                                                                                           
NY	3606	77166993	711425	29.794	0.275	40.734862	-73.823455                                                                                                                                               
NY	3607	41801517	2679582	16.14	1.035	40.644183	-74.02596                                                                                                                                                
NY	3608	73598441	48115635	28.417	18.578	40.621438	-73.911077                                                                                                                                            
NY	3609	40269800	499820	15.548	0.193	40.642184	-73.947201                                                                                                                                               
NY	3610	36381172	23227075	14.047	8.968	40.703207	-74.006342                                                                                                                                             
NY	3611	168159647	128599122	64.927	49.652	40.566974	-74.126314                                                                                                                                          
NY	3612	38311782	7282924	14.792	2.812	40.751026	-73.95042                                                                                                                                               
NY	3613	26316818	7203018	10.161	2.781	40.838862	-73.932982                                                                                                                                              
NY	3614	73747625	39239213	28.474	15.15	40.809782	-73.837004                                                                                                                                             
NY	3615	37598152	6263939	14.517	2.419	40.824031	-73.891163                                                                                                                                              
NY	3616	202964844	76413628	78.365	29.503	40.939735	-73.791088                                                                                                                                           
NY	3617	990764875	149861991	382.536	57.862	41.159532	-73.919355                                                                                                                                         
NY	3618	3507230759	160314432	1354.149	61.898	41.411657	-74.080981                                                                                                                                       
NY	3619	20556741403	430632551	7937.003	166.268	42.227811	-74.425633                                                                                                                                     
NY	3620	3189390408	81932864	1231.431	31.634	42.748882	-73.988366                                                                                                                                        
NY	3621	39144919489	3341979801	15113.939	1290.346	44.008384	-74.609231                                                                                                                                  
NY	3622	13150495474	386868974	5077.435	149.371	42.870694	-75.662664                                                                                                                                     
NY	3623	19092721663	1602345774	7371.741	618.669	42.344244	-77.845808                                                                                                                                    
NY	3624	6186361793	3271968550	2388.568	1263.314	43.210319	-76.648094                                                                                                                                    
NY	3625	1321096008	1831993802	510.078	707.337	43.323395	-77.715489                                                                                                                                      
NY	3626	567624846	35592405	219.161	13.742	42.961825	-78.840983                                                                                                                                          
NY	3627	10289754856	3223422579	3972.897	1244.57	43.00085	-78.316882                                                                                                                                     
NC	3701	15206281725	526676361	5871.178	203.351	36.146257	-77.522885                                                                                                                                     
NC	3702	6988623688	95720327	2698.323	36.958	35.761249	-78.406773                                                                                                                                        
NC	3703	18692480370	10738328614	7217.207	4146.092	35.446967	-76.605286                                                                                                                                  
NC	3704	1896794144	18220198	732.356	7.035	35.911176	-79.266126                                                                                                                                          
NC	3705	10279829942	80959022	3969.065	31.258	36.265333	-80.979774                                                                                                                                       
NC	3706	10128826240	209232379	3910.762	80.785	36.014538	-79.47224                                                                                                                                       
NC	3707	15397320259	1127451539	5944.939	435.311	34.642611	-78.211075                                                                                                                                    
NC	3708	7650443230	123254406	2953.853	47.589	35.295611	-79.780166                                                                                                                                       
NC	3709	10035418040	85881092	3874.697	33.159	34.853079	-79.5357                                                                                                                                         
NC	3710	6708434281	107723252	2590.141	41.592	35.439187	-81.62936                                                                                                                                        
NC	3711	17106622133	190956833	6604.904	73.729	35.521414	-82.810244                                                                                                                                      
NC	3712	1087729587	56176119	419.975	21.69	35.273741	-80.856007                                                                                                                                          
NC	3713	4744852425	105491253	1831.998	40.73	35.847707	-80.450929                                                                                                                                        
ND	3800	178707534813	4403267548	68999.368	1700.111	47.442174	-100.460826                                                                                                                                
OH	3901	1779110527	26793491	686.918	10.345	39.33602	-84.34685                                                                                                                                           
OH	3902	8344038308	77170483	3221.651	29.796	39.018868	-83.551946                                                                                                                                        
OH	3903	590732885	11274048	228.083	4.353	39.966207	-82.947495                                                                                                                                           
OH	3904	12083214953	121559316	4665.356	46.934	40.516984	-84.575476                                                                                                                                      
OH	3905	14571716547	73249833	5626.171	28.282	41.155751	-84.044789                                                                                                                                       
OH	3906	18685702709	202816758	7214.59	78.308	39.771409	-81.575039                                                                                                                                       
OH	3907	10009974812	64567382	3864.873	24.93	40.743275	-82.467001                                                                                                                                        
OH	3908	6344114806	42726671	2449.477	16.497	39.899575	-84.160831                                                                                                                                        
OH	3909	1202130654	4313138940	464.145	1665.312	41.403253	-82.548119                                                                                                                                     
OH	3910	2925748848	15947647	1129.638	6.157	39.701363	-83.958697                                                                                                                                         
OH	3911	633380874	1310812208	244.55	506.107	41.613795	-81.527719                                                                                                                                        
OH	3912	5884212463	76786970	2271.907	29.648	40.239323	-82.613677                                                                                                                                        
OH	3913	2315287784	70792303	893.938	27.333	41.14963	-80.978697                                                                                                                                          
OH	3914	5064219099	3730283485	1955.306	1440.271	41.751164	-81.019475                                                                                                                                    
OH	3915	12273402700	99789977	4738.787	38.529	39.57786	-82.756205                                                                                                                                        
OH	3916	3121894599	31141190	1205.37	12.024	40.982155	-81.740604                                                                                                                                         
OK	4001	4226245201	143292945	1631.762	55.326	36.211741	-95.789582                                                                                                                                       
OK	4002	54380759715	1949952135	20996.53	752.881	35.143303	-95.441772                                                                                                                                    
OK	4003	88361609694	814268800	34116.61	314.391	36.107069	-98.839765                                                                                                                                     
OK	4004	25322931466	408016815	9777.239	157.536	34.586592	-97.750131                                                                                                                                     
OK	4005	5371379647	59057302	2073.901	22.802	35.307879	-96.989604                                                                                                                                        
OR	4101	7786815748	771013213	3006.506	297.69	45.721199	-123.341271                                                                                                                                      
OR	4102	179860346814	1904150525	69444.471	735.197	43.837494	-119.59685                                                                                                                                  
OR	4103	2782871083	82267862	1074.473	31.764	45.389998	-122.19909                                                                                                                                        
OR	4104	44737320075	2227417158	17273.177	860.011	43.472003	-123.273132                                                                                                                                  
OR	4105	13439639550	1207538177	5189.074	466.233	45.028365	-123.195164                                                                                                                                   
PA	4201	1653701106	45137458	638.498	17.428	40.332054	-75.113419                                                                                                                                         
PA	4202	162453180	8537703	62.724	3.296	40.046424	-75.059677                                                                                                                                             
PA	4203	136667590	4710201	52.768	1.819	40.004309	-75.198895                                                                                                                                             
PA	4204	1235183943	11540873	476.907	4.456	40.2208	-75.393165                                                                                                                                            
PA	4205	548506604	26310378	211.78	10.158	39.920522	-75.375241                                                                                                                                           
PA	4206	2364178671	27871337	912.815	10.761	40.024003	-75.776297                                                                                                                                         
PA	4207	2218699034	30474030	856.645	11.766	40.725806	-75.426876                                                                                                                                         
PA	4208	6908014567	177265662	2667.199	68.443	41.364475	-75.404679                                                                                                                                       
PA	4209	8533246423	92317194	3294.705	35.644	40.778673	-76.160221                                                                                                                                        
PA	4210	2797655453	100518003	1080.181	38.81	40.262409	-76.857876                                                                                                                                        
PA	4211	3892576264	113349199	1502.932	43.764	39.970744	-76.398021                                                                                                                                       
PA	4212	25629897859	242921113	9895.759	93.792	41.343882	-77.055262                                                                                                                                      
PA	4213	15591714852	92403236	6019.995	35.677	40.103155	-78.262444                                                                                                                                       
PA	4214	7375851296	52399122	2847.832	20.231	40.076173	-79.924782                                                                                                                                        
PA	4215	25214872952	223499582	9735.517	86.294	41.210853	-78.910328                                                                                                                                      
PA	4216	8576674591	2083865765	3311.473	804.585	41.632638	-80.136568                                                                                                                                     
PA	4217	2286845543	41571090	882.956	16.051	40.608761	-80.187126                                                                                                                                         
PA	4218	757702393	19898044	292.551	7.683	40.3712	-79.898931                                                                                                                                             
RI	4401	695578890	628693637	268.565	242.74	41.630677	-71.328672                                                                                                                                         
RI	4402	1982201012	694976850	765.332	268.332	41.569601	-71.615514                                                                                                                                       
SC	4501	4013544852	2196569453	1549.638	848.1	32.714063	-80.160624                                                                                                                                       
SC	4502	7827497984	225271436	3022.214	86.978	33.633062	-81.379289                                                                                                                                       
SC	4503	13646022171	518916989	5268.759	200.355	34.357743	-82.331207                                                                                                                                     
SC	4504	3364459766	44729109	1299.025	17.27	34.941701	-82.170156                                                                                                                                         
SC	4505	14260689226	265732852	5506.083	102.6	34.530228	-81.010938                                                                                                                                       
SC	4506	20883129406	865071998	8063.022	334.006	33.208208	-80.523987                                                                                                                                     
SC	4507	13869575083	958926941	5355.073	370.244	34.083478	-79.498848                                                                                                                                     
SD	4600	196346981786	3382720225	75809.997	1306.076	44.446796	-100.238176                                                                                                                                
TN	4701	10730877769	204163863	4143.215	78.828	36.212501	-82.799917                                                                                                                                      
TN	4702	6013499673	278544192	2321.825	107.547	36.05036	-83.821188                                                                                                                                       
TN	4703	11837064719	372167533	4570.316	143.695	35.761646	-84.509444                                                                                                                                     
TN	4704	15500357323	242150169	5984.722	93.495	35.535873	-87.277008                                                                                                                                      
TN	4705	3232460360	72095867	1248.06	27.836	36.187331	-87.074025                                                                                                                                         
TN	4706	16770155959	324676580	6474.994	125.358	36.194771	-85.778434                                                                                                                                     
TN	4707	23726991266	415476120	9161.043	160.416	35.633389	-87.833342                                                                                                                                     
TN	4708	17738523374	387103686	6848.882	149.462	35.850861	-89.10183                                                                                                                                      
TN	4709	1252797745	53745455	483.708	20.751	35.167634	-89.978861                                                                                                                                         
TX	4801	20380430454	950996579	7868.929	367.182	31.951678	-94.552046                                                                                                                                     
TX	4802	799680486	54815759	308.758	21.164	29.848494	-95.645933                                                                                                                                          
TX	4803	1245329624	98074589	480.824	37.867	33.159213	-96.612695                                                                                                                                         
TX	4804	26238357408	1009693997	10130.687	389.845	33.298288	-95.418063                                                                                                                                   
TX	4805	13064694054	493918427	5044.307	190.703	32.225795	-95.731668                                                                                                                                     
TX	4806	5564805243	255530191	2148.583	98.661	32.235054	-96.665879                                                                                                                                       
TX	4807	419784487	3069802	162.08	1.185	29.87923	-95.778623                                                                                                                                              
TX	4808	15682590427	410338546	6055.082	158.433	30.833241	-95.543603                                                                                                                                     
TX	4809	429173856	5290341	165.705	2.043	29.64547	-95.494207                                                                                                                                             
TX	4810	13136357289	185202535	5071.976	71.507	29.976625	-96.592155                                                                                                                                      
TX	4811	72090912439	567658850	27834.458	219.174	31.732302	-100.063687                                                                                                                                   
TX	4812	3731825354	86780622	1440.866	33.506	32.821328	-97.664515                                                                                                                                        
TX	4813	99326765882	764765962	38350.28	295.278	34.837689	-100.597872                                                                                                                                    
TX	4814	6336699151	2539468440	2446.613	980.494	29.433717	-94.892695                                                                                                                                     
TX	4815	20212430203	154866294	7804.063	59.794	27.750011	-98.263411                                                                                                                                      
TX	4816	1841077520	3699541	710.844	1.428	31.914734	-106.308813                                                                                                                                          
TX	4817	19815272799	309171233	7650.72	119.372	31.153602	-96.665768                                                                                                                                      
TX	4818	609407297	4386002	235.293	1.693	29.864602	-95.563638                                                                                                                                            
TX	4819	66914406427	282385039	25835.798	109.029	33.24529	-101.209738                                                                                                                                    
TX	4820	517653119	1036519	199.867	0.4	29.474317	-98.622461                                                                                                                                              
TX	4821	15335237810	91754552	5920.969	35.427	30.05789	-98.975368                                                                                                                                        
TX	4822	2676649152	61159619	1033.46	23.614	29.510737	-95.677411                                                                                                                                         
TX	4823	150370590066	448808223	58058.412	173.286	30.38921	-102.326756                                                                                                                                   
TX	4824	680368890	23325673	262.692	9.006	32.919473	-97.012724                                                                                                                                           
TX	4825	19742092988	316353052	7622.465	122.145	31.500791	-97.815913                                                                                                                                     
TX	4826	2349987793	191353567	907.335	73.882	33.184615	-97.134173                                                                                                                                        
TX	4827	23622386853	4536985434	9120.655	1751.74	28.782994	-96.841407                                                                                                                                    
TX	4828	24291214134	299391564	9378.891	115.596	27.848634	-98.913612                                                                                                                                     
TX	4829	484560611	10286993	187.09	3.972	29.949101	-95.417041                                                                                                                                            
TX	4830	922898557	32939871	356.333	12.718	32.658621	-96.799009                                                                                                                                          
TX	4831	5580509592	136094581	2154.647	52.546	30.828818	-97.535412                                                                                                                                       
TX	4832	481897778	34271738	186.062	13.232	32.920383	-96.653636                                                                                                                                          
TX	4833	549099381	16592268	212.008	6.406	32.756444	-97.106948                                                                                                                                           
TX	4834	21214050940	3364171422	8190.791	1298.914	28.669037	-97.926008                                                                                                                                   
TX	4835	1538273012	19151538	593.931	7.394	29.915524	-97.884094                                                                                                                                          
TX	4836	18455700461	1242515897	7125.786	479.738	30.429193	-94.43149                                                                                                                                     
UT	4901	50652446765	3222107014	19557.02	1244.063	40.960477	-111.332728                                                                                                                                  
UT	4902	103639513751	2944001576	40015.442	1136.685	38.744947	-112.553127                                                                                                                                
UT	4903	51990614064	458725091	20073.689	177.115	38.696764	-110.216402                                                                                                                                   
UT	4904	6603647100	373990713	2549.683	144.399	39.879317	-111.844453                                                                                                                                     
VT	5000	23874175944	1030416650	9217.871	397.846	44.068577	-72.669184                                                                                                                                    
VA	5101	10908524934	1767438169	4211.805	682.412	37.88072	-76.976288                                                                                                                                     
VA	5102	2858624572	5175504914	1103.721	1998.274	37.39373	-75.935602                                                                                                                                     
VA	5103	1619438767	406420212	625.269	156.92	36.913755	-76.56948                                                                                                                                         
VA	5104	9433257835	296483280	3642.201	114.473	36.961749	-77.157718                                                                                                                                      
VA	5105	25979630120	391890253	10030.792	151.31	37.332342	-78.723558                                                                                                                                     
VA	5106	15355775696	104993717	5928.898	40.538	38.136543	-79.199254                                                                                                                                      
VA	5107	8075545799	144698517	3117.986	55.868	37.820184	-77.902408                                                                                                                                       
VA	5108	386908080	29005304	149.386	11.199	38.771325	-77.146742                                                                                                                                          
VA	5109	23608647264	153447195	9115.35	59.246	37.000863	-81.324995                                                                                                                                       
VA	5110	3552021685	37324155	1371.443	14.411	39.076162	-77.855958                                                                                                                                        
VA	5111	479342358	21326058	185.075	8.234	38.78906	-77.294622                                                                                                                                            
WA	5301	16019836313	1097951634	6185.294	423.922	48.367489	-121.657912                                                                                                                                   
WA	5302	2630312801	2683559157	1015.569	1036.128	48.375395	-122.5977                                                                                                                                     
WA	5303	23611085055	1219984100	9116.291	471.039	46.270915	-122.26225                                                                                                                                    
WA	5304	49848046468	808206849	19246.439	312.05	47.294627	-119.707178                                                                                                                                    
WA	5305	40076148862	598822284	15473.488	231.207	47.573205	-117.867549                                                                                                                                   
WA	5306	17876191025	5101382519	6902.036	1969.655	47.638858	-123.55094                                                                                                                                   
WA	5307	372955017	339685089	143.999	131.153	47.578426	-122.391357                                                                                                                                       
WA	5308	19060978428	370410119	7359.485	143.016	47.362385	-121.039385                                                                                                                                    
WA	5309	475212865	104450286	183.481	40.328	47.45873	-122.258471                                                                                                                                         
WA	5310	2141821386	234826813	826.962	90.667	47.041722	-122.755815                                                                                                                                       
WV	5401	16254914688	175294958	6276.058	67.682	39.381986	-80.268497                                                                                                                                      
WV	5402	20769861016	122654294	8019.289	47.357	38.838754	-80.173761                                                                                                                                      
WV	5403	25241698809	191079291	9745.875	73.776	37.991169	-81.218273                                                                                                                                      
WI	5501	4475448921	2523692436	1727.981	974.403	42.695239	-88.04635                                                                                                                                      
WI	5502	11750536110	189001494	4536.908	72.974	42.984295	-89.750866                                                                                                                                      
WI	5503	28791180399	815152730	11116.337	314.732	44.056297	-90.891748                                                                                                                                    
WI	5504	332617267	2454549243	128.424	947.707	42.904859	-87.842394                                                                                                                                       
WI	5505	4897640233	165505624	1890.99	63.902	43.199598	-88.531528                                                                                                                                        
WI	5506	12740758652	7315844396	4919.235	2824.663	43.779244	-88.274423                                                                                                                                   
WI	5507	59672185021	7700520546	23039.56	2973.188	45.698997	-90.655335                                                                                                                                   
WI	5508	17629673120	8180685289	6806.855	3158.58	44.831256	-87.936811                                                                                                                                    
WY	5600	251458544898	1867670745	97088.691	721.112	42.989659	-107.544392                                                                                                                                 
PR	7298	8868896030	4922382562	3424.3	1900.543	18.217648	-66.410799                                                                                                                                      
